,f_id
70003,16656726000006
70012,16656747000004
70013,16656747000004
70026,16656765000023
70027,16656765000023
70044,16656783000030
70053,16656786000017
70054,16656786000017
70055,16656786000017
70056,16656786000017
70057,16656786000017
70067,16656876000007
70068,16656876000007
70077,16656894000002
70078,16656894000002
70079,16656894000002
70089,16657544400007
70101,16657554000008
70111,16657596000009
70112,16657596000009
70113,16657596000009
70114,16657596000009
70124,16657623000022
70133,16657636800036
70141,16657650000000
70143,16657650000000
70144,16657650000000
70145,16657650000000
70152,16657659000031
70154,16657659000031
70155,16657659000031
70162,16657668000030
70164,16657668000030
70165,16657668000030
70175,16657677000032
70185,16657704000026
70187,16657704000026
70197,16657713000024
70198,16657713000024
70199,16657713000024
70208,16657722000023
70209,16657722000023
70220,16657731000028
70247,16658415000001
70248,16658415000001
70249,16658415000001
70258,16658430000013
70259,16658430000013
70260,16658430000013
70261,16658430000013
70265,16658430000013
70266,16658430000013
70275,16658433000037
70276,16658433000037
70277,16658433000037
70278,16658433000037
70279,16658433000037
70289,16658454000005
70290,16658454000005
70291,16658454000005
70299,16658475000019
70310,16658484000002
70311,16658484000002
70313,16658484000002
70314,16658484000002
70315,16658484000002
70316,16658484000002
70317,16658484000002
70318,16658484000002
70325,16658490000006
70340,16658514000040
70341,16658514000040
70342,16658514000040
70343,16658514000040
70363,16658568000027
70380,16658622000018
70388,16659327000003
70389,16659327000003
70390,16659327000003
70391,16659327000003
70392,16659327000003
70393,16659327000003
70403,16659369000002
70413,16660131000020
70414,16660131000020
70415,16660131000020
70425,16660152000011
70439,16660173000022
70440,16660173000022
70451,16660179000017
70452,16660179000017
70462,16660194000027
70463,16660194000027
70473,16660200000002
70474,16660200000002
70475,16660200000002
70484,16660215000009
70485,16660215000009
70495,16660221000013
70496,16660221000013
70503,16660224000014
70504,16660224000014
70509,16660233000001
70510,16660233000001
70511,16660233000001
70512,16660233000001
70513,16660233000001
70521,16660242000024
70522,16660242000024
70531,16660260000021
70532,16660260000021
70551,16660314000003
70552,16660314000003
70578,16661013000004
70579,16661013000004
70591,16661016000003
70592,16661016000003
70602,16661020800019
70613,16661031000008
70624,16661034000030
70625,16661034000030
70636,16661038800000
70637,16661038800000
70638,16661038800000
70639,16661038800000
70647,16661052000031
70648,16661052000031
70649,16661052000031
70658,16661059800014
70659,16661059800014
70660,16661059800014
70661,16661059800014
70671,16661070000006
70673,16661070000006
70674,16661070000006
70684,16661079000025
70696,16661091000027
70707,16661094000002
70718,16661100000013
70719,16661100000013
70732,16661160000007
70734,16661160000007
70742,16661178000009
70745,16661178000009
70770,16661850000032
70772,16661850000032
70773,16661850000032
70774,16661850000032
70775,16661850000032
70776,16661850000032
70777,16661850000032
70778,16661850000032
70779,16661850000032
70788,16661892000010
70789,16661892000010
70790,16661892000010
70815,16661955000006
70816,16661955000006
70817,16661955000006
70818,16661955000006
70819,16661955000006
70820,16661955000006
70829,16661976000018
70830,16661976000018
70831,16661976000018
70874,16662684000026
70884,16662705000032
70896,16662726000007
70906,16662747000002
70907,16662747000002
70917,16662789000012
70948,16662831000013
70949,16662831000013
70951,16662831000013
70968,16662933000011
70969,16662933000011
70971,16662933000011
70972,16662933000011
71002,16663635000013
71018,16663656000025
71019,16663656000025
71020,16663656000025
71021,16663656000025
71037,16663669800004
71044,16663677000008
71048,16663677000008
71049,16663677000008
71050,16663677000008
71054,16663686000007
71055,16663686000007
71057,16663686000007
71058,16663686000007
71059,16663686000007
71060,16663686000007
71070,16663689000016
71071,16663689000016
71080,16663698000030
71081,16663698000030
71082,16663698000030
71083,16663698000030
71091,16663716000034
71092,16663716000034
71093,16663716000034
71094,16663716000034
71102,16663734000002
71103,16663734000002
71104,16663734000002
71106,16663734000002
71107,16663734000002
71116,16663797000001
71117,16663797000001
71118,16663797000001
71130,16664412000000
71150,16664499000026
71153,16664499000026
71164,16664514000034
71177,16664535000001
71178,16664535000001
71180,16664535000001
71183,16664535000001
71184,16664535000001
71185,16664535000001
71186,16664535000001
71187,16664535000001
71194,16664541000033
71197,16664541000033
71198,16664541000033
71199,16664541000033
71210,16664598000007
71217,16664616000003
71241,16664670000004
71243,16664670000004
71252,16665405000023
71253,16665405000023
71254,16665405000023
71255,16665405000023
71256,16665405000023
71257,16665405000023
71258,16665405000023
71265,16665426000012
71267,16665426000012
71268,16665426000012
71277,16666218000029
71295,16666242000016
71297,16666242000016
71305,16666257000024
71306,16666257000024
71315,16666261800010
71331,16666287000007
71343,16666323000009
71344,16666323000009
71355,16666362000012
71356,16666362000012
71367,16666380000022
71368,16666380000022
71377,16667034000015
71384,16667055000000
71397,16667097000026
71399,16667097000026
71400,16667097000026
71417,16667136000016
71418,16667136000016
71445,16667244000022
71458,16667877000028
71459,16667877000028
71469,16667898000022
71475,16667901000007
71476,16667901000007
71478,16667901000007
71479,16667901000007
71480,16667901000007
71481,16667901000007
71482,16667901000007
71493,16667940000029
71495,16667940000029
71503,16667943000025
71505,16667943000025
71506,16667943000025
71507,16667943000025
71508,16667943000025
71509,16667943000025
71510,16667943000025
71511,16667943000025
71521,16667964000001
71523,16667964000001
71524,16667964000001
71525,16667964000001
71526,16667964000001
71527,16667964000001
71528,16667964000001
71533,16667985000012
71534,16667985000012
71535,16667985000012
71536,16667985000012
71537,16667985000012
71538,16667985000012
71539,16667985000012
71540,16667985000012
71541,16667985000012
71542,16667985000012
71543,16667985000012
71544,16667985000012
71545,16667985000012
71546,16667985000012
71547,16667985000012
71555,16668054000015
71563,16668072000031
71578,16668108000014
71593,16668744000005
71603,16668849000001
71619,16668900000009
71620,16668900000009
71628,16668918000012
71629,16668918000012
71648,16668954000011
71656,16668972000008
71657,16668972000008
71674,16669686000010
71675,16669686000010
71701,16669728000012
71710,16669746000001
71711,16669746000001
71713,16669746000001
71714,16669746000001
71715,16669746000001
71723,16669755000016
71724,16669755000016
71735,16669764000002
71748,16669800000015
71767,16669818000005
71768,16669818000005
71779,16669827000029
71789,16669836000021
71799,16669845000023
71800,16669845000023
71807,16669854000006
71828,16670596800005
71829,16670596800005
71830,16670596800005
71831,16670596800005
71832,16670596800005
71840,16670610000011
71841,16670610000011
71850,16670628000020
71892,16672218000038
71901,16672224000019
71923,16672278000017
71924,16672278000017
71933,16672285800018
71936,16672285800018
71937,16672285800018
71955,16672320000006
71956,16672320000006
71957,16672320000006
71958,16672320000006
71959,16672320000006
71968,16672332000003
71969,16672332000003
71979,16672341000001
71980,16672341000001
71981,16672341000001
71982,16672341000001
71992,16672347000012
72044,16672446000031
72060,16673130000008
72061,16673130000008
72062,16673130000008
72063,16673130000008
72064,16673130000008
72065,16673130000008
72077,16673145000005
72078,16673145000005
72087,16673187000014
72088,16673187000014
72089,16673187000014
72090,16673187000014
72091,16673187000014
72101,16673202000030
72102,16673202000030
72126,16673265000003
72136,16673283000016
72137,16673283000016
72161,16673994000015
72171,16674048000023
72172,16674048000023
72181,16674066000008
72182,16674066000008
72190,16674087000029
72191,16674087000029
72192,16674087000029
72201,16674108000004
72203,16674108000004
72204,16674108000004
72239,16674192000001
72240,16674192000001
72251,16674912000032
72257,16674948000001
72265,16674966000003
72290,16675743000033
72299,16675764000017
72300,16675764000017
72309,16675785000016
72317,16675821000005
72321,16675821000005
72332,16675830000004
72333,16675830000004
72334,16675830000004
72335,16675830000004
72352,16675857000034
72353,16675857000034
72355,16675857000034
72365,16675920000013
72366,16675920000013
72382,16676591400001
72390,16676611800004
72391,16676611800004
72393,16676611800004
72394,16676611800004
72395,16676611800004
72414,16676676000003
72420,16676694000009
72436,16676730000029
72446,16677405000000
72447,16677405000000
72448,16677405000000
72458,16677484200010
72461,16677484200010
72462,16677484200010
72463,16677484200010
72472,16677502200005
72473,16677502200005
72474,16677502200005
72484,16678386000002
72495,16678476000010
72505,16678512000004
72520,16679340000016
72529,16679358000003
72537,16679376000002
72545,16679394000009
72554,16680069000005
72555,16680069000005
72556,16680069000005
72557,16680069000005
72566,16680087000010
72567,16680087000010
72568,16680087000010
72577,16680105000023
72578,16680105000023
72579,16680105000023
72585,16680123000006
72587,16680123000006
72588,16680123000006
72589,16680123000006
72590,16680123000006
72596,16680141000001
72598,16680141000001
72599,16680141000001
72600,16680141000001
72601,16680141000001
72612,16680186000008
72621,16680222000000
72651,16681086000020
72667,16681122000004
72668,16681122000004
72669,16681122000004
72676,16681737000015
72677,16681737000015
72678,16681737000015
72687,16681758000014
72702,16681818000012
72712,16681857000007
72724,16681869000001
72736,16681878000011
72786,16681941000000
72787,16681941000000
72788,16681941000000
72803,16681959000030
72804,16681959000030
72805,16681959000030
72806,16681959000030
72807,16681959000030
72808,16681959000030
72819,16681986000021
72821,16681986000021
72830,16682535000026
72846,16682616000040
72854,16682679000027
72855,16682679000027
72865,16682760000019
72884,16682796000006
72910,16684506000008
72918,16684524000002
72919,16684524000002
72920,16684524000002
72921,16684524000002
72930,16684578000016
72931,16684578000016
72932,16684578000016
72948,16685361000029
72949,16685361000029
72958,16685379000004
72959,16685379000004
72968,16685397000016
72982,16686072000028
72983,16686072000028
72984,16686072000028
72985,16686072000028
73003,16686112800018
73013,16686126000029
73014,16686126000029
73015,16686126000029
73025,16686130800010
73035,16686144000001
73067,16686166800004
73080,16686180000002
73091,16686186000016
73102,16686198000022
73119,16686288000017
73122,16686288000017
73132,16686306000024
73141,16687062000013
73161,16687116000012
73170,16687134000010
73179,16687152000005
73181,16687152000005
73199,16687878000008
73209,16687944000026
73210,16687944000026
73211,16687944000026
73218,16687962000022
73229,16687989000000
73236,16687998000013
73237,16687998000013
73238,16687998000013
73239,16687998000013
73245,16688007000005
73257,16688016000031
73258,16688016000031
73259,16688016000031
73266,16688025000001
73275,16688034000011
73276,16688034000011
73277,16688034000011
73283,16688559000030
73300,16688634000043
73301,16688634000043
73320,16688697000045
73328,16688718000016
73330,16688718000016
73340,16688754000039
73350,16688772000002
73369,16688826000017
73384,16688898000041
73385,16688898000041
73386,16688898000041
73393,16692174000007
73395,16692174000007
73396,16692174000007
73397,16692174000007
73398,16692174000007
73399,16692174000007
73410,16692192000000
73411,16692192000000
73412,16692192000000
73422,16692228000004
73441,16693992000016
73485,16694832000006
73510,16694922000029
73511,16694922000029
73512,16694922000029
73542,16696449000011
73552,16696467000016
73561,16696485000004
73562,16696485000004
73589,16696563000000
73598,16696575000020
73609,16696581000012
73628,16696617000007
73646,16696671000010
73662,16697280000032
73664,16697280000032
73679,16697316000016
73686,16697334000002
73687,16697334000002
73688,16697334000002
73698,16697352000024
73724,16697460000028
73731,16697478000023
73732,16697478000023
73741,16698075000014
73742,16698075000014
73752,16698165000006
73762,16698183000002
73772,16698186000004
73783,16698201000007
73784,16698201000007
73795,16698204000021
73805,16698219000024
73815,16698240000023
73824,16698249000026
73835,16698258000011
73845,16698285000020
73866,16698306000000
73875,16698360000003
73876,16698360000003
73883,16698396000012
73895,16699122000018
73916,16699176000008
73958,16699933800033
73959,16699933800033
73960,16699933800033
73992,16700013000014
74011,16700049000000
74012,16700049000000
74013,16700049000000
74021,16700058000011
74022,16700058000011
74023,16700058000011
74025,16700058000011
74034,16700067000004
74044,16700085000021
74047,16700085000021
74063,16700112000012
74065,16700112000012
74066,16700112000012
74075,16700130000003
74076,16700130000003
74085,16700880000028
74112,16702572000004
74113,16702572000004
74129,16702626000015
74130,16702626000015
74137,16702644000016
74138,16702644000016
74172,16703508000028
74173,16703508000028
74174,16703508000028
74175,16703508000028
74255,16704261000004
74257,16704261000004
74266,16704279000007
74267,16704279000007
74287,16704315000006
74288,16704315000006
74303,16704432000021
74304,16704432000021
74321,16705278000004
74322,16705278000004
74332,16705296000027
74333,16705296000027
74350,16705881000030
74358,16705902000027
74359,16705902000027
74374,16705983000005
74375,16705983000005
74383,16706004000040
74384,16706004000040
74391,16706022000036
74392,16706022000036
74409,16706061000045
74417,16706079000007
74418,16706079000007
74419,16706079000007
74420,16706079000007
74427,16706106000010
74428,16706106000010
74429,16706106000010
74430,16706106000010
74471,16706151000035
74472,16706151000035
74482,16706160000000
74483,16706160000000
74494,16706169000019
74495,16706169000019
74572,16708548000008
74618,16708770000006
74620,16708770000006
74629,16709353800005
74639,16709407800008
74640,16709407800008
74651,16709443800010
74684,16709571000009
74685,16709571000009
74687,16709571000009
74702,16710222000012
74717,16710297000006
74735,16710318000021
74736,16710318000021
74744,16710327000017
74746,16710327000017
74765,16710381000016
74766,16710381000016
74767,16710381000016
74774,16710408000005
74775,16710408000005
74776,16710408000005
74777,16710408000005
74803,16711165800001
74804,16711165800001
74811,16711183800014
74812,16711183800014
74825,16711239000005
74841,16712013000016
74848,16712034000006
74866,16712079000007
74873,16712097000017
74882,16712100000009
74883,16712100000009
74884,16712100000009
74907,16712118000012
74908,16712118000012
74910,16712118000012
74911,16712118000012
74928,16712190000019
74929,16712190000019
74938,16712208000008
74959,16713761400011
74973,16714596000000
74989,16714632000017
74997,16714653000004
75035,16715437800029
75066,16715517000005
75068,16715517000005
75069,16715517000005
75070,16715517000005
75071,16715517000005
75081,16715538000028
75082,16715538000028
75083,16715538000028
75112,16716393000000
75123,16716429000041
75131,16716456000034
75166,16716510000008
75175,16716519000015
75183,16716528000030
75184,16716528000030
75193,16716546000007
75195,16716546000007
75237,16717284000015
75245,16717302000005
75262,16717338000024
75272,16717356000017
75278,16717374000016
75280,16717374000016
75288,16717392000009
75289,16717392000009
75295,16717410000021
75296,16717410000021
75320,16720731000021
75327,16720752000050
75343,16721604000018
75371,16721712000013
75401,16722519000006
75415,16723368000001
75416,16723368000001
75425,16723386000017
75432,16724178000014
75439,16724196000012
75446,16724214000010
75447,16724214000010
75462,16724250000007
75469,16724268000016
75470,16724268000016
75471,16724268000016
75480,16724286000015
75498,16724934000034
75508,16724955000003
75530,16725825600021
75537,16725921600007
75563,16726621800015
75570,16726657800009
75607,16726758000006
75662,16727598000013
75676,16727706000002
75677,16727706000002
75678,16727706000002
75700,16728330000018
75709,16728366000020
75710,16728366000020
75712,16728366000020
75713,16728366000020
75722,16728396000007
75723,16728396000007
75724,16728396000007
75740,16728432000016
75747,16728438000009
75757,16728456000012
75766,16728471000008
75795,16728513000001
75813,16728534000021
75844,16728624000030
75845,16728624000030
75854,16729227000013
75855,16729227000013
75878,16729317000006
75902,16729452000009
75971,16730244000007
75973,16730244000007
75990,16730262000022
75997,16730271000005
75998,16730271000005
76013,16730307000019
76014,16730307000019
76025,16730316000006
76035,16730325000025
76052,16730361000011
76063,16730928000011
76070,16730970000027
76077,16731012000001
76086,16731033000008
76094,16731054000031
76095,16731054000031
76121,16731216000006
76129,16731234000026
76130,16731234000026
76140,16731828000020
76141,16731828000020
76142,16731828000020
76143,16731828000020
76144,16731828000020
76150,16731846000019
76180,16732872000003
76194,16732962000007
76201,16733718000007
76203,16733718000007
76232,16733808000002
76233,16733808000002
76242,16733826000001
76243,16733826000001
76270,16734483000013
76290,16734582000008
76291,16734582000008
76314,16734654000003
76321,16734672000000
76328,16735251000014
76373,16735518000005
76383,16735554000009
76389,16736154000016
76404,16736226000012
76411,16736244000029
76425,16736253000001
76432,16736283000025
76433,16736283000025
76444,16736292000017
76456,16736310000023
76465,16736337000002
76473,16736355000007
76474,16736355000007
76475,16736355000007
76485,16736364000004
76501,16736382000005
76503,16736382000005
76504,16736382000005
76516,16736997000015
76517,16736997000015
76536,16737102000016
76565,16737282000026
76605,16737978000005
76643,16738974000007
76661,16739628000024
76662,16739628000024
76670,16739646000027
76692,16739766000002
76693,16739766000002
76716,16739838000020
76734,16739874000023
76735,16739874000023
76742,16740492000018
76754,16740507000022
76763,16740525000000
76772,16740528000015
76778,16740546000009
76779,16740546000009
76781,16740546000009
76782,16740546000009
76783,16740546000009
76789,16740549000020
76813,16740588000006
76827,16740606000001
76828,16740606000001
76861,16741407000007
76863,16741407000007
76870,16741449000006
76871,16741449000006
76897,16741584000004
76905,16742208000012
76908,16742208000012
76926,16742244000006
76932,16742280000011
76940,16742295000013
76951,16742301000022
76968,16742317800014
76975,16742322000018
76976,16742322000018
76977,16742322000018
76978,16742322000018
76992,16742340000001
76994,16742340000001
77007,16742367000008
77015,16742394000003
77016,16742394000003
77030,16742412000007
77031,16742412000007
77039,16742430000019
77040,16742430000019
77041,16742430000019
77050,16743021000022
77071,16743075000009
77072,16743075000009
77099,16743103200008
77104,16743117000000
77118,16743145200025
77127,16743166200007
77129,16743166200007
77137,16743204000023
77138,16743204000023
77156,16743258000006
77163,16743915000002
77170,16743933000020
77200,16744884000005
77243,16745004000019
77257,16745814000000
77258,16745814000000
77282,16745886000002
77283,16745886000002
77328,16746696000008
77329,16746696000008
77396,16747464000007
77414,16747506000019
77428,16747578000006
77429,16747578000006
77451,16748235000023
77474,16748349000034
77484,16748388000021
77518,16748451000002
77534,16748478000004
77535,16748478000004
77536,16748478000004
77537,16748478000004
77550,16749091800005
77551,16749091800005
77552,16749091800005
77553,16749091800005
77567,16749133800031
77568,16749133800031
77583,16749217800010
77589,16749288000012
77618,16749378000002
77619,16749378000002
77620,16749378000002
77626,16750998000011
77635,16751016000017
77664,16751844000023
77672,16751898000004
77673,16751898000004
77691,16751952000009
77708,16752589200015
77718,16752652200003
77728,16752673200006
77729,16752673200006
77766,16752780000012
77801,16753440000012
77810,16753458000009
77818,16753515000013
77826,16753557000001
77827,16753557000001
77835,16753575000025
77836,16753575000025
77837,16753575000025
77863,16753644000008
77875,16754304000028
77905,16754397000006
77911,16754412000024
77926,16754439000022
77935,16754454000001
77936,16754454000001
77987,16754526000013
78017,16755144000007
78019,16755144000007
78020,16755144000007
78045,16755318000006
78047,16755318000006
78085,16755426000021
78092,16757046000009
78099,16757064000020
78114,16757100000002
78115,16757100000002
78144,16757946000016
78154,16757964000006
78170,16758018000012
78181,16758810000012
78188,16758828000016
78189,16758828000016
78254,16760400000026
78255,16760400000026
78263,16760460000018
78273,16760481000002
78274,16760481000002
78293,16760499000013
78294,16760499000013
78295,16760499000013
78296,16760499000013
78305,16760502000011
78320,16760529000000
78328,16760538000014
78329,16760538000014
78330,16760538000014
78342,16760565000035
78357,16760583000025
78382,16761301800004
78390,16761322800011
78391,16761322800011
78392,16761322800011
78423,16761456000035
78449,16762188000016
78450,16762188000016
78457,16763076000002
78465,16763094000005
78484,16763148000006
78502,16763184000016
78516,16763958000018
78532,16764030000019
78541,16764048000000
78542,16764048000000
78543,16764048000000
78551,16764672000010
78552,16764672000010
78553,16764672000010
78562,16764690000004
78563,16764690000004
78572,16764708000007
78573,16764708000007
78574,16764708000007
78575,16764708000007
78576,16764708000007
78592,16764768000011
78600,16764789000009
78631,16764894000001
78632,16764894000001
78664,16765704000012
78679,16765758000002
78694,16766418000026
78695,16766418000026
78724,16766493000008
78727,16766493000008
78739,16766523000001
78741,16766523000001
78748,16766526000021
78756,16766529000009
78757,16766529000009
78766,16766541000012
78775,16766550000000
78776,16766550000000
78777,16766550000000
78785,16766559000010
78807,16766613000013
78808,16766613000013
78818,16766622000003
78841,16766649000017
78848,16767253800025
78879,16767414000031
78911,16767504000024
78912,16767504000024
78931,16769160000008
78932,16769160000008
78941,16769214000007
78953,16770006000001
78962,16770024000013
78983,16770078000015
79007,16770729000009
79015,16770771000015
79054,16770942000000
79070,16771623000012
79159,16772502000026
79171,16772565000019
79173,16772565000019
79196,16772616000023
79222,16772652000030
79223,16772652000030
79224,16772652000030
79225,16772652000030
79226,16772652000030
79227,16772652000030
79228,16772652000030
79245,16772679000020
79255,16772697000025
79283,16773444000012
79297,16773504000022
79328,16775262000006
79342,16776072000001
79343,16776072000001
79344,16776072000001
79345,16776072000001
79368,16776126000000
79369,16776126000000
79370,16776126000000
79379,16776144000015
79393,16776792000026
79401,16776810000015
79417,16776897000008
79425,16776906000000
79433,16776918000025
79434,16776918000025
79445,16776936000002
79482,16777698000027
79490,16777719000006
79491,16777719000006
79507,16777758000021
79515,16777794000019
79533,16777872000026
79547,16778493000031
79594,16778664000028
79610,16778682000000
79611,16778682000000
79621,16778709000004
79622,16778709000004
79623,16778709000004
79629,16778727000030
79631,16778727000030
79643,16778736000003
79644,16778736000003
79663,16778754000009
79711,16779546000003
79718,16779582000012
79719,16779582000012
79735,16779618000021
79743,16781217000002
79744,16781217000002
79745,16781217000002
79746,16781217000002
79754,16781238000008
79792,16781985000014
79804,16782048000003
79902,16782930000016
79909,16782933000008
79910,16782933000008
79924,16782951000006
79925,16782951000006
79932,16782969000004
79945,16783677000006
79946,16783677000006
79963,16783761000015
79990,16783857000030
79991,16783857000030
79998,16783875000007
80000,16783875000007
80017,16783911000029
80034,16784616000015
80035,16784616000015
80043,16784655000027
80050,16784685000030
80052,16784685000030
80060,16784703000018
80061,16784703000018
80062,16784703000018
80063,16784703000018
80071,16784712000037
80078,16784721000026
80094,16784766000006
80103,16784775000009
80104,16784775000009
80112,16784784000001
80122,16784793000025
80129,16784802000034
80146,16785414000018
80157,16785435000007
80172,16785540000005
80173,16785540000005
80174,16785540000005
80175,16785540000005
80183,16785555000036
80227,16788168000008
80228,16788168000008
80251,16788213000012
80319,16789122000015
80328,16789848000015
80329,16789848000015
80342,16789890000026
80345,16789890000026
80346,16789890000026
80347,16789890000026
80356,16789902000020
80384,16789950000033
80421,16789980000001
80442,16790727000025
80443,16790727000025
80474,16790787000005
80475,16790787000005
80485,16790814000012
80502,16790832000028
80503,16790832000028
80518,16790850000013
80519,16790850000013
80535,16791660000033
80540,16791678000035
80541,16791678000035
80550,16791696000028
80584,16796787000007
80602,16796808000027
80622,16796826000005
80649,16796871000015
80650,16796871000015
80651,16796871000015
80673,16796889000008
80709,16797579000024
80710,16797579000024
80711,16797579000024
80712,16797579000024
80714,16797579000024
80715,16797579000024
80716,16797579000024
80717,16797579000024
80718,16797579000024
80719,16797579000024
80720,16797579000024
80738,16797624000022
80739,16797624000022
80747,16797640200032
80748,16797640200032
80750,16797640200032
80751,16797640200032
80752,16797640200032
80753,16797640200032
80767,16797654000010
80782,16797658200033
80783,16797658200033
80790,16797672000006
80801,16797726000001
80803,16797726000001
80811,16797744000034
80821,16797762000029
80822,16797762000029
80823,16797762000029
80832,16798356000000
80833,16798356000000
80843,16798377000003
80845,16798377000003
80846,16798377000003
80857,16798398000010
80858,16798398000010
80864,16798419000006
80865,16798419000006
80876,16799211000018
80885,16799247000019
80900,16799346000004
80939,16800192000005
80940,16800192000005
80947,16800228000009
80948,16800228000009
80972,16800933000000
80993,16800957000024
81001,16800975000012
81002,16800975000012
81017,16800999000004
81018,16800999000004
81019,16800999000004
81030,16801041000029
81048,16801059000001
81049,16801059000001
81077,16801164000019
81085,16801182000017
81092,16801938000018
81116,16802028000013
81157,16802700000008
81184,16802751000001
81201,16802769000031
81211,16802778000016
81225,16802799000007
81255,16802868000041
81257,16802868000041
81258,16802868000041
81294,16802910000033
81295,16802910000033
81304,16803555000013
81305,16803555000013
81306,16803555000013
81307,16803555000013
81308,16803555000013
81316,16803564000003
81318,16803564000003
81334,16803597000004
81336,16803597000004
81337,16803597000004
81338,16803597000004
81339,16803597000004
81361,16803660000001
81362,16803660000001
81382,16803684000028
81425,16804452000000
81428,16804452000000
81430,16804452000000
81431,16804452000000
81432,16804452000000
81433,16804452000000
81451,16804488000012
81463,16804494000011
81473,16804509000023
81475,16804509000023
81476,16804509000023
81485,16804515000020
81486,16804515000020
81491,16804530000025
81492,16804530000025
81550,16805394000003
81594,16806177000000
81605,16806195000013
81622,16806231000007
81623,16806231000007
81632,16806249000020
81633,16806249000020
81634,16806249000020
81655,16806267000008
81656,16806267000008
81657,16806267000008
81671,16806312000015
81678,16806330000014
81686,16806348000005
81687,16806348000005
81704,16807011000012
81712,16807032000006
81721,16807041000035
81762,16807098000009
81763,16807098000009
81764,16807098000009
81765,16807098000009
81770,16807101000015
81776,16807104000030
81790,16807117200018
81792,16807117200018
81793,16807117200018
81794,16807117200018
81809,16807135200026
81811,16807135200026
81812,16807135200026
81813,16807135200026
81814,16807135200026
81836,16807857000042
81850,16807878000002
81851,16807878000002
81852,16807878000002
81853,16807878000002
81868,16807920000022
81869,16807920000022
81884,16807941000032
81885,16807941000032
81907,16807986000030
81942,16808076000006
81949,16808094000040
81960,16808706000015
81962,16808706000015
81974,16808712000016
81975,16808712000016
81976,16808712000016
81985,16808727000014
81986,16808727000014
81988,16808727000014
81989,16808727000014
81997,16808733000003
81998,16808733000003
81999,16808733000003
82000,16808733000003
82001,16808733000003
82002,16808733000003
82010,16808748000007
82012,16808748000007
82022,16808754000010
82023,16808754000010
82024,16808754000010
82034,16808769000000
82045,16808775000006
82046,16808775000006
82047,16808775000006
82048,16808775000006
82071,16808796000002
82072,16808796000002
82082,16808811000004
82083,16808811000004
82094,16808817000019
82095,16808817000019
82096,16808817000019
82106,16808832000017
82113,16808838000011
82115,16808838000011
82116,16808838000011
82117,16808838000011
82133,16809600000025
82134,16809600000025
82135,16809600000025
82145,16809603000003
82146,16809603000003
82156,16809621000013
82165,16809624000034
82167,16809624000034
82179,16809645000045
82180,16809645000045
82196,16809687000028
82199,16809687000028
82201,16809687000028
82202,16809687000028
82203,16809687000028
82230,16809750000000
82244,16809804000011
82245,16809804000011
82264,16810455000034
82297,16811325600017
82318,16811367600042
82319,16811367600042
82336,16811388600014
82338,16811388600014
82344,16811389800053
82353,16811391000044
82354,16811391000044
82365,16811409600003
82378,16811430600016
82401,16811451600039
82422,16812180000004
82453,16812291000003
82454,16812291000003
82455,16812291000003
82470,16812315000001
82471,16812315000001
82472,16812315000001
82481,16812351000012
82482,16812351000012
82497,16812378000009
82507,16812387000022
82508,16812387000022
82509,16812387000022
82524,16812405000007
82527,16812405000007
82538,16812414000006
82548,16813050000018
82549,16813050000018
82550,16813050000018
82580,16813126800015
82581,16813126800015
82600,16813144800025
82601,16813144800025
82639,16813224000017
82640,16813224000017
82648,16813242000008
82649,16813242000008
82650,16813242000008
82657,16813260000027
82659,16813260000027
82667,16813914000008
82668,16813914000008
82669,16813914000008
82670,16813914000008
82732,16814106000010
82741,16814124000016
82773,16814886000040
82787,16814904000016
82797,16814916000017
82807,16814922000023
82808,16814922000023
82835,16814976000004
82842,16814994000009
82844,16814994000009
82859,16815618000030
82868,16815639000033
82881,16815705000032
82882,16815705000032
82892,16815726000013
82893,16815726000013
82901,16815744000009
82902,16815744000009
82910,16815762000004
82939,16816584000002
82941,16816584000002
82951,16816623000010
82952,16816623000010
82953,16816623000010
82961,16817358000017
82962,16817358000017
82992,16817427000028
82999,16817442000010
83010,16817448000029
83012,16817448000029
83024,16817460000014
83039,16817487000004
83054,16817508000019
83063,16817544000025
83065,16817544000025
83085,16817598000032
83118,16818264000014
83119,16818264000014
83120,16818264000014
83135,16818322800015
83136,16818322800015
83137,16818322800015
83151,16818343800032
83153,16818343800032
83163,16818348000003
83177,16818354000002
83188,16818363000008
83189,16818363000008
83190,16818363000008
83197,16818372000010
83208,16818408000021
83217,16818426000009
83218,16818426000009
83248,16819086000012
83259,16819107000001
83261,16819107000001
83273,16819122000019
83297,16819188000007
83299,16819188000007
83302,16819188000007
83303,16819188000007
83312,16819206000000
83313,16819206000000
83314,16819206000000
83327,16819209000004
83382,16819281000011
83383,16819281000011
83405,16819326000016
83416,16819944000032
83417,16819944000032
83426,16819950000024
83427,16819950000024
83428,16819950000024
83429,16819950000024
83442,16820004000007
83456,16820046000005
83475,16820073000021
83476,16820073000021
83477,16820073000021
83508,16820124000009
83509,16820124000009
83510,16820124000009
83516,16820136000010
83552,16820823000015
83553,16820823000015
83555,16820823000015
83556,16820823000015
83557,16820823000015
83566,16820839800000
83567,16820839800000
83568,16820839800000
83569,16820839800000
83570,16820839800000
83571,16820839800000
83581,16820886000029
83589,16820907000040
83609,16820922000045
83610,16820922000045
83611,16820922000045
83637,16821015000010
83638,16821015000010
83639,16821015000010
83640,16821015000010
83641,16821015000010
83652,16821033000037
83653,16821033000037
83665,16821684000046
83675,16821705000037
83688,16821717000013
83691,16821717000013
83692,16821717000013
83693,16821717000013
83700,16821729000015
83701,16821729000015
83702,16821729000015
83711,16821732000018
83712,16821732000018
83713,16821732000018
83714,16821732000018
83715,16821732000018
83726,16821747000000
83737,16821765000004
83747,16821771000034
83748,16821771000034
83749,16821771000034
83750,16821771000034
83764,16821786000042
83766,16821786000042
83767,16821786000042
83774,16821789000016
83775,16821789000016
83778,16821789000016
83779,16821789000016
83788,16821798000001
83789,16821798000001
83790,16821798000001
83791,16821798000001
83798,16821807000029
83808,16821810000031
83818,16821819000028
83819,16821819000028
83827,16821837000047
83828,16821837000047
83844,16821855000006
83845,16821855000006
83846,16821855000006
83847,16821855000006
83854,16821864000012
83861,16821873000009
83869,16821891000039
83872,16821891000039
83880,16821900000026
83889,16823394000016
83894,16823427000023
83904,16823448000002
83906,16823448000002
83918,16823469000033
83920,16823469000033
83921,16823469000033
83922,16823469000033
83930,16823475000034
83947,16823496000001
83948,16823496000001
83964,16823529000035
84003,16823634000013
84004,16823634000013
84005,16823634000013
84019,16824279000024
84036,16824333000007
84077,16824417000026
84078,16824417000026
84111,16824528000003
84112,16824528000003
84141,16825191000004
84155,16825230000019
84156,16825230000019
84157,16825230000019
84182,16825290000002
84185,16825290000002
84186,16825290000002
84201,16825332000003
84233,16826076000034
84234,16826076000034
84243,16826097000022
84251,16826116800031
84252,16826116800031
84287,16826256000041
84288,16826256000041
84296,16826856000004
84298,16826856000004
84301,16826856000004
84302,16826856000004
84303,16826856000004
84317,16826958000015
84318,16826958000015
84332,16826997000014
84333,16826997000014
84336,16826997000014
84337,16826997000014
84338,16826997000014
84339,16826997000014
84340,16826997000014
84352,16827714000019
84361,16827735000037
84362,16827735000037
84363,16827735000037
84395,16827795000032
84396,16827795000032
84406,16827810000047
84457,16827849000017
84460,16827849000017
84461,16827849000017
84462,16827849000017
84463,16827849000017
84473,16827855000024
84474,16827855000024
84475,16827855000024
84484,16827864000011
84485,16827864000011
84494,16827870000016
84500,16827876000041
84503,16827876000041
84530,16827921000029
84547,16827948000007
84557,16827957000033
84558,16827957000033
84559,16827957000033
84568,16827966000003
84576,16827984000020
84585,16828614000006
84586,16828614000006
84595,16828644000010
84596,16828644000010
84597,16828644000010
84598,16828644000010
84607,16828653000002
84609,16828653000002
84610,16828653000002
84611,16828653000002
84630,16828665000004
84636,16828671000011
84640,16828671000011
84648,16828683000019
84649,16828683000019
84660,16828689000016
84670,16828695000005
84671,16828695000005
84698,16828713000000
84714,16828731000012
84724,16828749000018
84726,16828749000018
84737,16828767000001
84738,16828767000001
84740,16828767000001
84741,16828767000001
84762,16829491800003
84763,16829491800003
84780,16829507400020
84788,16829512800050
84789,16829512800050
84800,16829515800010
84801,16829515800010
84802,16829515800010
84803,16829515800010
84804,16829515800010
84825,16829536800042
84826,16829536800042
84827,16829536800042
84828,16829536800042
84829,16829536800042
84830,16829536800042
84847,16829554800040
84848,16829554800040
84849,16829554800040
84864,16829559000007
84865,16829559000007
84866,16829559000007
84867,16829559000007
84868,16829559000007
84869,16829559000007
84870,16829559000007
84879,16829570400012
84880,16829570400012
84897,16829578800025
84898,16829578800025
84907,16829580000023
84908,16829580000023
84910,16829580000023
84911,16829580000023
84912,16829580000023
84913,16829580000023
84914,16829580000023
84915,16829580000023
84916,16829580000023
84938,16829599800016
84939,16829599800016
84940,16829599800016
84949,16830318000006
85016,16830408000028
85031,16830429000016
85061,16830456000020
85062,16830456000020
85078,16830474000009
85079,16830474000009
85086,16830486000035
85124,16830558000002
85125,16830558000002
85133,16830567000032
85139,16830576000027
85150,16831170000007
85151,16831170000007
85152,16831170000007
85153,16831170000007
85160,16831176000026
85235,16831302000019
85261,16831356000037
85262,16831356000037
85263,16831356000037
85292,16831380000023
85308,16831392000018
85316,16831398000022
85318,16831398000022
85320,16831398000022
85331,16831404000000
85347,16831416000033
85348,16831416000033
85357,16831422000002
85358,16831422000002
85359,16831422000002
85360,16831422000002
85367,16831440000003
85396,16832079000006
85397,16832079000006
85398,16832079000006
85399,16832079000006
85444,16832136000007
85445,16832136000007
85452,16832142000038
85472,16832163000012
85509,16832235000019
85535,16832277000002
85536,16832277000002
85610,16833021000037
85619,16833024000031
85629,16833036000022
85647,16833075000011
85650,16833075000011
85651,16833075000011
85652,16833075000011
85653,16833075000011
85654,16833075000011
85655,16833075000011
85656,16833075000011
85662,16833096000002
85663,16833096000002
85664,16833096000002
85665,16833096000002
85666,16833096000002
85667,16833096000002
85676,16833108000012
85677,16833108000012
85687,16833117000007
85688,16833117000007
85705,16833147000024
85706,16833147000024
85720,16833756000032
85721,16833756000032
85730,16833768000005
85732,16833768000005
85742,16833780000002
85749,16833807000011
85752,16833807000011
85753,16833807000011
85754,16833807000011
85755,16833807000011
85762,16833810000004
85763,16833810000004
85765,16833810000004
85766,16833810000004
85767,16833810000004
85768,16833810000004
85769,16833810000004
85770,16833810000004
85771,16833810000004
85772,16833810000004
85788,16833822000049
85796,16833828000041
85797,16833828000041
85807,16833831000042
85808,16833831000042
85809,16833831000042
85822,16833840000031
85823,16833840000031
85830,16833843000017
85831,16833843000017
85832,16833843000017
85869,16833897000013
85870,16833897000013
85912,16834626000014
85920,16834638000001
85921,16834638000001
85922,16834638000001
85923,16834638000001
85924,16834638000001
85925,16834638000001
85926,16834638000001
85936,16834647000013
85963,16834737000004
85964,16834737000004
85965,16834737000004
85966,16834737000004
85973,16834746000019
86009,16835523000003
86010,16835523000003
86027,16835547000029
86028,16835547000029
86070,16835622000015
86079,16835628000030
86080,16835628000030
86081,16835628000030
86082,16835628000030
86146,16835751000017
86153,16836384000029
86178,16836483000014
86197,16836579000024
86220,16837239000023
86238,16837296000000
86240,16837296000000
86242,16837296000000
86243,16837296000000
86252,16837299000027
86261,16837317000008
86262,16837317000008
86263,16837317000008
86264,16837317000008
86265,16837317000008
86274,16837338000029
86288,16837341000017
86299,16837359000010
86305,16837416000030
86317,16837452000013
86334,16837488000016
86362,16838157000026
86364,16838157000026
86365,16838157000026
86376,16838163000012
86391,16838196000032
86412,16838233800013
86433,16838286000001
86434,16838286000001
86435,16838286000001
86468,16838343000018
86470,16838343000018
86471,16838343000018
86472,16838343000018
86488,16838946000005
86520,16839009000006
86550,16839069000023
86551,16839069000023
86582,16839147000029
86624,16839195000028
86630,16839204000037
86660,16839822000007
86673,16839831000029
86674,16839831000029
86694,16839840000004
86695,16839840000004
86696,16839840000004
86697,16839840000004
86698,16839840000004
86706,16839852000002
86709,16839852000002
86710,16839852000002
86711,16839852000002
86712,16839852000002
86713,16839852000002
86714,16839852000002
86730,16839882000010
86732,16839882000010
86741,16839888000056
86747,16839891000041
86786,16839921000012
86788,16839921000012
86789,16839921000012
86790,16839921000012
86791,16839921000012
86799,16839924000027
86889,16840791000000
86890,16840791000000
86900,16840809000023
86901,16840809000023
86922,16840845000017
86948,16841562000000
86956,16841574000011
86966,16841586000008
86967,16841586000008
87016,16841640000043
87040,16841658000035
87052,16841673000034
87059,16841676000022
87060,16841676000022
87061,16841676000022
87074,16841688000030
87081,16841739000017
87103,16841793000041
87113,16842402000008
87122,16842444000018
87125,16842444000018
87126,16842444000018
87135,16842465000035
87151,16842486000027
87152,16842486000027
87159,16842498000007
87160,16842498000007
87161,16842498000007
87162,16842498000007
87163,16842498000007
87177,16842519000025
87193,16842540000010
87201,16842558000009
87203,16842558000009
87222,16842582000002
87223,16842582000002
87224,16842582000002
87225,16842582000002
87241,16842594000044
87249,16842600000012
87250,16842600000012
87251,16842600000012
87252,16842600000012
87253,16842600000012
87263,16842603000019
87272,16842612000040
87300,16842639000020
87301,16842639000020
87314,16842660000041
87315,16842660000041
87325,16843278000005
87326,16843278000005
87327,16843278000005
87328,16843278000005
87329,16843278000005
87335,16843299000007
87336,16843299000007
87338,16843299000007
87339,16843299000007
87340,16843299000007
87341,16843299000007
87342,16843299000007
87343,16843299000007
87344,16843299000007
87345,16843299000007
87346,16843299000007
87347,16843299000007
87348,16843299000007
87359,16843362000036
87360,16843362000036
87361,16843362000036
87369,16843398000029
87372,16843398000029
87373,16843398000029
87382,16843401000031
87383,16843401000031
87384,16843401000031
87385,16843401000031
87386,16843401000031
87387,16843401000031
87388,16843401000031
87389,16843401000031
87390,16843401000031
87394,16843434000037
87402,16843440000010
87404,16843440000010
87418,16843458000001
87419,16843458000001
87420,16843458000001
87421,16843458000001
87422,16843458000001
87423,16843458000001
87424,16843458000001
87425,16843458000001
87426,16843458000001
87427,16843458000001
87428,16843458000001
87437,16843470000000
87443,16843476000011
87445,16843476000011
87446,16843476000011
87447,16843476000011
87448,16843476000011
87449,16843476000011
87459,16843488000006
87467,16843506000008
87468,16843506000008
87469,16843506000008
87477,16843512000027
87478,16843512000027
87479,16843512000027
87480,16843512000027
87481,16843512000027
87490,16843527000015
87507,16844142000006
87508,16844142000006
87517,16844184000016
87518,16844184000016
87519,16844184000016
87520,16844184000016
87521,16844184000016
87522,16844184000016
87532,16844190000025
87533,16844190000025
87550,16844268000023
87557,16844283000021
87562,16844283000021
87597,16844388000004
87605,16844994000041
87607,16844994000041
87617,16845000000008
87625,16845015000012
87626,16845015000012
87627,16845015000012
87628,16845015000012
87629,16845015000012
87647,16845048000019
87648,16845048000019
87673,16845111000016
87676,16845111000016
87677,16845111000016
87678,16845111000016
87679,16845111000016
87688,16845117000017
87689,16845117000017
87690,16845117000017
87691,16845117000017
87692,16845117000017
87703,16845123000001
87705,16845123000001
87710,16845129000044
87713,16845129000044
87714,16845129000044
87715,16845129000044
87716,16845129000044
87717,16845129000044
87718,16845129000044
87719,16845129000044
87720,16845129000044
87728,16845135600027
87730,16845135600027
87731,16845135600027
87732,16845135600027
87733,16845135600027
87734,16845135600027
87735,16845135600027
87736,16845135600027
87744,16845147000011
87745,16845147000011
87746,16845147000011
87747,16845147000011
87748,16845147000011
87749,16845147000011
87750,16845147000011
87757,16845165000005
87766,16845168000010
87767,16845168000010
87768,16845168000010
87769,16845168000010
87770,16845168000010
87791,16845210000002
87792,16845210000002
87793,16845210000002
87794,16845210000002
87795,16845210000002
87796,16845210000002
87797,16845210000002
87798,16845210000002
87805,16845225000047
87823,16845243600007
87844,16845879000002
87863,16845900000018
87864,16845900000018
87872,16845912000029
87873,16845912000029
87874,16845912000029
87875,16845912000029
87885,16845921000027
87886,16845921000027
87914,16845954000013
87916,16845954000013
87926,16845958200004
87928,16845958200004
87929,16845958200004
87942,16845979200015
87943,16845979200015
87944,16845979200015
87961,16845994800014
87962,16845994800014
87963,16845994800014
87964,16845994800014
87965,16845994800014
87966,16845994800014
87978,16845999000020
88010,16846086000021
88011,16846086000021
88035,16846755000010
88036,16846755000010
88042,16846809000016
88059,16846839000002
88091,16846863000011
88092,16846863000011
88093,16846863000011
88101,16847625000006
88119,16847658000007
88137,16847682000027
88153,16847712000016
88164,16847715000014
88172,16847721000032
88173,16847721000032
88174,16847721000032
88182,16847736000000
88190,16847745000021
88195,16847745000021
88203,16847763000004
88206,16847763000004
88207,16847763000004
88208,16847763000004
88209,16847763000004
88234,16847805000038
88242,16847817000009
88244,16847817000009
88245,16847817000009
88263,16847835000001
88266,16847835000001
88276,16847841000029
88277,16847841000029
88278,16847841000029
88279,16847841000029
88286,16848474000004
88316,16848499800012
88327,16848517800017
88334,16848528000045
88350,16848546000040
88357,16848564000046
88359,16848564000046
88383,16848591600002
88398,16849353000011
88400,16849353000011
88415,16849404000029
88423,16849410000028
88448,16849440000025
88466,16849446000006
88473,16849458000019
88474,16849458000019
88491,16849467000009
88508,16849554000015
88517,16849572000001
88544,16850244000015
88545,16850244000015
88553,16850250000020
88563,16850256000012
88579,16850274000013
88588,16850280000034
88589,16850280000034
88597,16850292000000
88598,16850292000000
88608,16850298000032
88615,16850311200028
88617,16850311200028
88618,16850311200028
88632,16850319000036
88641,16850328000006
88642,16850328000006
88652,16850347200008
88671,16850407200025
88679,16850419200003
88695,16850437200011
88696,16850437200011
88697,16850437200011
88698,16850437200011
88707,16850443200010
88721,16851069000011
88739,16851111000044
88740,16851111000044
88768,16851150000010
88779,16851168000028
88790,16851171000037
88801,16851180000013
88834,16851219000038
88835,16851219000038
88844,16851240000034
88845,16851240000034
88847,16851240000034
88848,16851240000034
88849,16851240000034
88850,16851240000034
88863,16851258000005
88864,16851258000005
88866,16851258000005
88867,16851258000005
88868,16851258000005
88888,16851276000022
88889,16851276000022
88890,16851276000022
88891,16851276000022
88902,16851294000000
88903,16851294000000
88904,16851294000000
88905,16851294000000
88906,16851294000000
88907,16851294000000
88908,16851294000000
88909,16851294000000
88929,16851909000012
88930,16851909000012
88932,16851909000012
88933,16851909000012
88934,16851909000012
88950,16851927000019
88951,16851927000019
88952,16851927000019
88961,16851939000037
88973,16851948000015
88974,16851948000015
88988,16851981000043
88989,16851981000043
88990,16851981000043
89000,16851990000018
89001,16851990000018
89002,16851990000018
89003,16851990000018
89013,16851999000009
89034,16852005000028
89035,16852005000028
89036,16852005000028
89037,16852005000028
89081,16852026000023
89082,16852026000023
89084,16852026000023
89085,16852026000023
89093,16852029000049
89102,16852032000038
89103,16852032000038
89121,16852059000035
89144,16852797000020
89145,16852797000020
89146,16852797000020
89154,16852911000002
89155,16852911000002
89157,16852911000002
89158,16852911000002
89159,16852911000002
89160,16852911000002
89170,16853634000001
89182,16853643000038
89183,16853643000038
89193,16853670000024
89203,16853691000018
89204,16853691000018
89240,16853733000028
89241,16853733000028
89253,16853745600036
89271,16853754600004
89272,16853754600004
89273,16853754600004
89280,16853766000007
89318,16854552000018
89375,16854621000019
89376,16854621000019
89377,16854621000019
89385,16854627000039
89401,16854648000004
89402,16854648000004
89412,16854675000049
89433,16854705000027
89443,16854711000009
89450,16854720000008
89458,16854723000011
89460,16854723000011
89461,16854723000011
89462,16854723000011
89499,16854768000003
89507,16855386000036
89508,16855386000036
89585,16856244000005
89595,16856251200017
89605,16856265000002
89606,16856265000002
89669,16856334000000
89675,16856337000019
89677,16856337000019
89691,16856346000012
89703,16856349000004
89704,16856349000004
89705,16856349000004
89721,16856355000026
89740,16856365200037
89741,16856365200037
89767,16856418000009
89775,16856424000008
89776,16856424000008
89778,16856424000008
89779,16856424000008
89780,16856424000008
89789,16856445000006
89790,16856445000006
89791,16856445000006
89792,16856445000006
89793,16856445000006
89808,16856463000022
89809,16856463000022
89817,16856478000020
89823,16856496000011
89842,16857117000050
89861,16857129000007
89862,16857129000007
89863,16857129000007
89878,16857144000012
89885,16857159000017
89901,16857171000021
89909,16857183000056
89910,16857183000056
89939,16857225600055
89971,16857279000004
89990,16857315000057
89997,16857333000013
90019,16857945000007
90046,16857999000032
90047,16857999000032
90055,16858008000054
90058,16858008000054
90059,16858008000054
90071,16858020000012
90073,16858020000012
90074,16858020000012
90085,16858029000013
90104,16858041000028
90118,16858053000037
90125,16858062000040
90126,16858062000040
90147,16858083000018
90160,16858086000002
90175,16858101000051
90176,16858101000051
90177,16858101000051
90187,16858104000014
90203,16858158000045
90212,16858194000011
90213,16858194000011
90236,16858876200006
90237,16858876200006
90244,16858881000021
90258,16858912200015
90260,16858912200015
90283,16858930200012
90284,16858930200012
90285,16858930200012
90294,16858935000009
90303,16858953000023
90313,16859722200003
90325,16859740200021
90326,16859740200021
90327,16859740200021
90328,16859740200021
90345,16859754000001
90361,16859772000023
90362,16859772000023
90373,16859790000041
90383,16859794200020
90384,16859794200020
90391,16859808000030
90392,16859808000030
90393,16859808000030
90394,16859808000030
90395,16859808000030
90401,16859812200025
90402,16859812200025
90403,16859812200025
90404,16859812200025
90405,16859812200025
90406,16859812200025
90429,16859829000035
90445,16859844000031
90461,16859889000022
90462,16859889000022
90464,16859889000022
90490,16859916000002
90497,16859925000004
90498,16859925000004
90499,16859925000004
90500,16859925000004
90501,16859925000004
90512,16859934000011
90513,16859934000011
90529,16859952000018
90530,16859952000018
90537,16860564000009
90545,16860618000002
90607,16860765000025
90615,16860777000019
90658,16861491000034
90696,16861545000005
90724,16861590000017
90739,16861608000015
90740,16861608000015
90746,16861614000021
90755,16861620000006
90782,16861644000001
90783,16861644000001
90784,16861644000001
90785,16861644000001
90786,16861644000001
90787,16861644000001
90788,16861644000001
90819,16861680000026
90828,16862328000038
90836,16862349000003
90854,16862409000024
90855,16862409000024
90872,16862436000020
90874,16862436000020
90875,16862436000020
90876,16862436000020
90877,16862436000020
90904,16862472000027
90921,16862484000012
90953,16862514000007
90972,16862526000009
90973,16862526000009
90990,16862538000010
91040,16863252000016
91041,16863252000016
91043,16863252000016
91044,16863252000016
91045,16863252000016
91078,16863297000010
91096,16863336000008
91137,16863381000028
91140,16863381000028
91141,16863381000028
91147,16863384000017
91148,16863384000017
91149,16863384000017
91159,16864014000006
91162,16864014000006
91163,16864014000006
91185,16864047000043
91195,16864068000038
91196,16864068000038
91197,16864068000038
91223,16864107000024
91260,16864149000032
91278,16864197000039
91292,16864218000041
91305,16864236000022
91306,16864236000022
91313,16864263000004
91314,16864263000004
91335,16864905000035
91343,16864926000001
91345,16864926000001
91346,16864926000001
91347,16864926000001
91348,16864926000001
91349,16864926000001
91350,16864926000001
91351,16864926000001
91352,16864926000001
91365,16864947000032
91366,16864947000032
91402,16864998000019
91403,16864998000019
91404,16864998000019
91405,16864998000019
91406,16864998000019
91407,16864998000019
91408,16864998000019
91409,16864998000019
91419,16865001000003
91460,16865766000002
91469,16865784000016
91498,16865928000029
91521,16865964000000
91535,16865982000011
91536,16865982000011
91565,16866612000029
91576,16866630000027
91609,16866684000001
91616,16866690000009
91633,16866705000025
91634,16866705000025
91650,16866723000000
91664,16866741000017
91665,16866741000017
91682,16866750000022
91683,16866750000022
91684,16866750000022
91685,16866750000022
91692,16866771000023
91737,16866855000003
91738,16866855000003
91760,16867488000018
91779,16867560000019
91786,16867566000038
91795,16867578000009
91815,16867587000033
91816,16867587000033
91828,16867620000007
91854,16867656000016
91870,16867668000015
91871,16867668000015
91913,16867710000027
91915,16867710000027
91930,16867728000035
91952,16868382000026
91953,16868382000026
91963,16868391000002
91964,16868391000002
91965,16868391000002
91972,16868397000035
91987,16868412000000
92037,16868466000027
92056,16868502000038
92057,16868502000038
92058,16868502000038
92059,16868502000038
92067,16868520000011
92068,16868520000011
92069,16868520000011
92085,16868538000030
92086,16868538000030
92087,16868538000030
92088,16868538000030
92104,16868556000018
92105,16868556000018
92106,16868556000018
92107,16868556000018
92113,16868565000031
92122,16868574000001
92123,16868574000001
92131,16868586000015
92132,16868586000015
92133,16868586000015
92180,16869270000050
92181,16869270000050
92196,16869291000032
92213,16869303000014
92215,16869303000014
92216,16869303000014
92251,16869336000022
92252,16869336000022
92265,16869357000009
92274,16869372000002
92275,16869372000002
92285,16869390000001
92296,16869399000034
92298,16869399000034
92299,16869399000034
92307,16869411000008
92308,16869411000008
92310,16869411000008
92311,16869411000008
92312,16869411000008
92313,16869411000008
92316,16869414000040
92324,16869429000000
92325,16869429000000
92326,16869429000000
92327,16869429000000
92328,16869429000000
92335,16869432000035
92343,16869438000027
92344,16869438000027
92351,16870056000010
92370,16870077000022
92371,16870077000022
92372,16870077000022
92373,16870077000022
92390,16870089000008
92391,16870089000008
92392,16870089000008
92401,16870095000035
92409,16870116000031
92410,16870116000031
92411,16870116000031
92429,16870128000040
92430,16870128000040
92431,16870128000040
92433,16870128000040
92434,16870128000040
92435,16870128000040
92436,16870128000040
92437,16870128000040
92438,16870128000040
92478,16870170000036
92479,16870170000036
92480,16870170000036
92496,16870179000014
92513,16870191000001
92514,16870191000001
92555,16870929000006
92556,16870929000006
92566,16870935000012
92567,16870935000012
92568,16870935000012
92569,16870935000012
92584,16870950000020
92599,16870971000001
92606,16870992000014
92608,16870992000014
92623,16871004000028
92683,16871844000020
92716,16871868000008
92732,16871880000037
92748,16871895000017
92749,16871895000017
92750,16871895000017
92776,16871920200003
92783,16871925000015
92784,16871925000015
92836,16872768000002
92838,16872768000002
92839,16872768000002
92858,16872810000001
92866,16872831000019
92870,16872840000011
92871,16872840000011
92890,16872867000023
92891,16872867000023
92906,16872885000021
92910,16872894000034
92916,16872903000025
92917,16872903000025
92924,16872912000016
92940,16873563000002
92941,16873563000002
92942,16873563000002
92944,16873563000002
92945,16873563000002
92946,16873563000002
92947,16873563000002
92948,16873563000002
92972,16873632000004
92973,16873632000004
92974,16873632000004
92975,16873632000004
92976,16873632000004
92977,16873632000004
92978,16873632000004
92979,16873632000004
92980,16873632000004
92981,16873632000004
92982,16873632000004
92983,16873632000004
92984,16873632000004
92993,16873643400008
92995,16873643400008
93018,16873710000010
93039,16873752000029
93058,16873773000024
93059,16873773000024
93060,16873773000024
93078,16874418000034
93086,16874427000023
93089,16874427000023
93090,16874427000023
93132,16874496000021
93133,16874496000021
93134,16874496000021
93135,16874496000021
93136,16874496000021
93137,16874496000021
93138,16874496000021
93139,16874496000021
93140,16874496000021
93141,16874496000021
93142,16874496000021
93143,16874496000021
93144,16874496000021
93145,16874496000021
93146,16874496000021
93147,16874496000021
93148,16874496000021
93155,16874499000038
93157,16874499000038
93158,16874499000038
93174,16874523000008
93175,16874523000008
93177,16874523000008
93182,16874538000001
93184,16874538000001
93185,16874538000001
93186,16874538000001
93187,16874538000001
93188,16874538000001
93189,16874538000001
93190,16874538000001
93191,16874538000001
93218,16874568000025
93229,16874580000017
93230,16874580000017
93231,16874580000017
93232,16874580000017
93233,16874580000017
93247,16874604000007
93262,16874640000031
93270,16875246000012
93271,16875246000012
93279,16875264000024
93302,16875312000009
93303,16875312000009
93304,16875312000009
93305,16875312000009
93306,16875312000009
93313,16875351000046
93316,16875360000025
93318,16875360000025
93320,16875360000025
93321,16875360000025
93322,16875360000025
93323,16875360000025
93324,16875360000025
93325,16875360000025
93326,16875360000025
93327,16875360000025
93328,16875360000025
93348,16875375000016
93349,16875375000016
93350,16875375000016
93351,16875375000016
93374,16875396000006
93375,16875396000006
93376,16875396000006
93381,16875402000038
93382,16875402000038
93383,16875402000038
93384,16875402000038
93385,16875402000038
93386,16875402000038
93387,16875402000038
93388,16875402000038
93389,16875402000038
93390,16875402000038
93391,16875402000038
93398,16875409200020
93422,16875423000014
93423,16875423000014
93460,16875462000004
93470,16875465000033
93471,16875465000033
93472,16875465000033
93494,16875477000002
93495,16875477000002
93496,16875477000002
93497,16875477000002
93532,16876110000030
93549,16876123200056
93550,16876123200056
93558,16876130400026
93567,16876137000057
93571,16876144200003
93572,16876144200003
93591,16876158000004
93593,16876158000004
93637,16876196400033
93638,16876196400033
93659,16876224000010
93660,16876224000010
93661,16876224000010
93662,16876224000010
93663,16876224000010
93664,16876224000010
93665,16876224000010
93666,16876224000010
93667,16876224000010
93668,16876224000010
93669,16876224000010
93670,16876224000010
93671,16876224000010
93672,16876224000010
93673,16876224000010
93680,16876227000013
93689,16876229400001
93700,16876231800021
93701,16876231800021
93702,16876231800021
93710,16876245000039
93711,16876245000039
93712,16876245000039
93713,16876245000039
93714,16876245000039
93715,16876245000039
93716,16876245000039
93717,16876245000039
93730,16876257000058
93731,16876257000058
93732,16876257000058
93773,16876314000023
93775,16876314000023
93776,16876314000023
93777,16876314000023
93778,16876314000023
93788,16876320000017
93796,16876338000024
93797,16876338000024
93804,16876350000034
93811,16876356000009
93813,16876356000009
93814,16876356000009
93829,16877019000004
93850,16877061000015
93859,16877073000008
93890,16877133000016
93903,16877151000001
93920,16877889000008
93942,16877955000013
93943,16877955000013
93944,16877955000013
93951,16877967000022
93959,16877985000006
93966,16877997000016
93967,16877997000016
94011,16878066000029
94028,16878096000019
94029,16878096000019
94037,16878699000012
94063,16878771000027
94086,16878798000010
94114,16878834000016
94115,16878834000016
94116,16878834000016
94132,16878918000001
94141,16878939000002
94149,16878960000021
94150,16878960000021
94151,16878960000021
94162,16879620000008
94163,16879620000008
94164,16879620000008
94165,16879620000008
94166,16879620000008
94167,16879620000008
94186,16879638000019
94187,16879638000019
94188,16879638000019
94196,16879656000024
94198,16879656000024
94199,16879656000024
94200,16879656000024
94226,16879689000029
94243,16879698000016
94245,16879698000016
94246,16879698000016
94247,16879698000016
94248,16879698000016
94249,16879698000016
94261,16879710000004
94262,16879710000004
94263,16879710000004
94273,16879734000012
94279,16879740000010
94304,16879770000007
94305,16879770000007
94306,16879770000007
94313,16879782000022
94345,16879818000000
94346,16879818000000
94347,16879818000000
94383,16880484000009
94384,16880484000009
94433,16880541000034
94442,16880547000019
94512,16880661000010
94524,16880679000002
94535,16880688000003
94553,16881306000017
94558,16881333000040
94575,16881369000001
94576,16881369000001
94589,16881390000019
94605,16881411000020
94606,16881411000020
94607,16881411000020
94617,16881426000026
94618,16881426000026
94626,16881438000043
94627,16881438000043
94636,16881444000014
94637,16881444000014
94645,16881447000010
94646,16881447000010
94647,16881447000010
94648,16881447000010
94649,16881447000010
94650,16881447000010
94651,16881447000010
94652,16881447000010
94661,16881480000030
94674,16881489000016
94675,16881489000016
94676,16881489000016
94677,16881489000016
94678,16881489000016
94679,16881489000016
94680,16881489000016
94681,16881489000016
94682,16881489000016
94683,16881489000016
94715,16881516000012
94734,16881528000029
94735,16881528000029
94750,16881543000036
94751,16881543000036
94761,16881547200011
94763,16881547200011
94789,16882146000002
94790,16882146000002
94800,16882167000004
94801,16882167000004
94802,16882167000004
94803,16882167000004
94804,16882167000004
94805,16882167000004
94806,16882167000004
94839,16882194000016
94840,16882194000016
94865,16882225200017
94885,16882242000026
94895,16882251000023
94901,16882254000035
94902,16882254000035
94912,16882257000009
94913,16882257000009
94919,16882267200032
94920,16882267200032
94945,16882296000012
94947,16882296000012
94948,16882296000012
94964,16882320000027
94971,16882332000042
94991,16882389000006
95008,16882407000021
95016,16882416000030
95031,16883064000019
95032,16883064000019
95033,16883064000019
95034,16883064000019
95035,16883064000019
95046,16883109000014
95048,16883109000014
95050,16883109000014
95052,16883109000014
95053,16883109000014
95054,16883109000014
95055,16883109000014
95070,16883130000002
95086,16883172000020
95087,16883172000020
95095,16883916000018
95109,16883979000020
95119,16884000000011
95122,16884000000011
95157,16884090000012
95170,16884108000021
95177,16884117000015
95184,16884126000005
95208,16884784200027
95245,16884844200007
95247,16884844200007
95263,16884865200010
95272,16884894000017
95273,16884894000017
95274,16884894000017
95275,16884894000017
95276,16884894000017
95283,16884912000006
95284,16884912000006
95285,16884912000006
95286,16884912000006
95287,16884912000006
95288,16884912000006
95289,16884912000006
95296,16884918000019
95297,16884918000019
95331,16885008000015
95332,16885008000015
95340,16885659000019
95349,16885665000027
95350,16885665000027
95355,16885677000017
95365,16885683000031
95366,16885683000031
95394,16885722000023
95396,16885722000023
95416,16885752000011
95417,16885752000011
95426,16885758000000
95433,16885764000004
95434,16885764000004
95452,16885788000032
95465,16885806000007
95466,16885806000007
95467,16885806000007
95484,16885827000005
95485,16885827000005
95486,16885827000005
95487,16885827000005
95504,16885848000009
95505,16885848000009
95506,16885848000009
95507,16885848000009
95508,16885848000009
95522,16885863000030
95523,16885863000030
95531,16885872000015
95532,16885872000015
95561,16886538000009
95578,16886562000045
95586,16886574000013
95587,16886574000013
95594,16886589000036
95666,16886685000016
95667,16886685000016
95668,16886685000016
95675,16886688000012
95678,16886688000012
95679,16886688000012
95680,16886688000012
95681,16886688000012
95699,16886706000023
95705,16886715000042
95723,16886736000038
95739,16887360000002
95769,16887450000019
95770,16887450000019
95771,16887450000019
95788,16887468000001
95798,16887486000039
95799,16887486000039
95800,16887486000039
95815,16887510000014
95816,16887510000014
95817,16887510000014
95818,16887510000014
95831,16887528000010
95845,16887552000003
95846,16887552000003
95847,16887552000003
95854,16887558000018
95862,16887570000037
95869,16887573000024
95870,16887573000024
95871,16887573000024
95872,16887573000024
95873,16887573000024
95878,16887591000029
95885,16887600000035
95886,16887600000035
95903,16888215000034
95904,16888215000034
95905,16888215000034
95918,16888227000033
95919,16888227000033
95928,16888257000014
95930,16888257000014
95931,16888257000014
95935,16888260000016
95936,16888260000016
95939,16888260000016
95941,16888260000016
95942,16888260000016
95943,16888260000016
95944,16888260000016
95945,16888260000016
95946,16888260000016
95947,16888260000016
95948,16888260000016
95956,16888263000039
95957,16888263000039
95958,16888263000039
95959,16888263000039
95987,16888293000007
96033,16888327200003
96042,16888330200022
96060,16888344000006
96071,16888347000036
96072,16888347000036
96091,16888387200028
96102,16888399200025
96115,16888435200035
96129,16888453200037
96139,16888459200024
96140,16888459200024
96156,16889124000021
96172,16889166000010
96174,16889166000010
96175,16889166000010
96201,16889199000019
96203,16889199000019
96224,16889994000006
96225,16889994000006
96226,16889994000006
96227,16889994000006
96243,16890036000020
96248,16890057000027
96249,16890057000027
96250,16890057000027
96251,16890057000027
96252,16890057000027
96262,16890060000019
96270,16890120000016
96271,16890120000016
96281,16890132000008
96322,16890864000009
96336,16890885000028
96353,16890906000012
96354,16890906000012
96367,16890927000002
96368,16890927000002
96370,16890927000002
96379,16890945000007
96432,16891032000008
96453,16891680000001
96454,16891680000001
96455,16891680000001
96456,16891680000001
96477,16891704000010
96484,16891716000037
96485,16891716000037
96509,16891737000005
96510,16891737000005
96511,16891737000005
96512,16891737000005
96521,16891746000016
96522,16891746000016
96523,16891746000016
96541,16891755000018
96542,16891755000018
96557,16891773000008
96558,16891773000008
96566,16891782000003
96590,16891803000020
96621,16891854000022
96623,16891854000022
96632,16891860000032
96650,16891878000000
96651,16891878000000
96679,16891896000034
96680,16891896000034
96681,16891896000034
96713,16892541000045
96714,16892541000045
96721,16892553000023
96725,16892553000023
96726,16892553000023
96727,16892553000023
96728,16892553000023
96737,16892562000021
96738,16892562000021
96750,16892568000011
96751,16892568000011
96782,16892658000005
96793,16892673000007
96802,16892676000028
96803,16892676000028
96811,16892685000040
96812,16892685000040
96813,16892685000040
96814,16892685000040
96828,16892721000046
96834,16892727000004
96836,16892727000004
96838,16892727000004
96839,16892727000004
96840,16892727000004
96841,16892727000004
96847,16892733000031
96848,16892733000031
96865,16892760000015
96888,16893390000030
96889,16893390000030
96909,16893405000032
96926,16893447000034
96927,16893447000034
96928,16893447000034
96939,16893462000015
96956,16893483000009
96964,16893489000041
96976,16893495000012
96983,16893501000036
96985,16893501000036
96987,16893501000036
96988,16893501000036
96989,16893501000036
96990,16893501000036
96991,16893501000036
97025,16893531000040
97033,16893594000025
97050,16893636000026
97051,16893636000026
97063,16894251000018
97064,16894251000018
97075,16894254000019
97097,16894269000037
97098,16894269000037
97106,16894290000031
97117,16894296000013
97118,16894296000013
97127,16894302000023
97129,16894302000023
97130,16894302000023
97131,16894302000023
97140,16894306200034
97141,16894306200034
97147,16894314000016
97162,16894332000001
97163,16894332000001
97166,16894332000001
97167,16894332000001
97169,16894332000001
97190,16894356000029
97191,16894356000029
97198,16894359000003
97199,16894359000003
97200,16894359000003
97201,16894359000003
97202,16894359000003
97203,16894359000003
97211,16894365000024
97227,16894371000028
97233,16894374000015
97239,16894377000002
97241,16894377000002
97248,16894380000025
97249,16894380000025
97250,16894380000025
97251,16894380000025
97253,16894380000025
97254,16894380000025
97255,16894380000025
97260,16894386000000
97261,16894386000000
97262,16894386000000
97263,16894386000000
97264,16894386000000
97265,16894386000000
97266,16894386000000
97267,16894386000000
97268,16894386000000
97276,16894422000022
97285,16894440000011
97306,16894467000030
97307,16894467000030
97315,16894476000014
97316,16894476000014
97317,16894476000014
97330,16894494000027
97352,16896051000001
97362,16896072000022
97406,16896162000020
97429,16896192000010
97431,16896192000010
97432,16896192000010
97457,16896216000007
97458,16896216000007
97459,16896216000007
97460,16896216000007
97461,16896216000007
97471,16896222000008
97479,16896228000002
97480,16896228000002
97489,16896861000003
97498,16896894000021
97514,16896915000010
97515,16896915000010
97540,16896963000007
97547,16896975000031
97556,16897005000005
97563,16897011000020
97595,16897062000001
97628,16897752000006
97629,16897752000006
97630,16897752000006
97632,16897752000006
97646,16897788000028
97660,16897806000019
97661,16897806000019
97677,16897827000023
97685,16897845000033
97686,16897845000033
97693,16897848000011
97694,16897848000011
97704,16897878000004
97718,16897890000022
97729,16897908000013
97731,16897908000013
97732,16897908000013
97749,16897926000000
97758,16897938000025
97760,16897938000025
97771,16897944000014
97772,16897944000014
97773,16897944000014
97789,16897968000007
97790,16897968000007
97791,16897968000007
97792,16897968000007
97808,16898610000004
97825,16898637000018
97833,16898655000041
97834,16898655000041
97835,16898655000041
97836,16898655000041
97847,16898661000046
97853,16898667000032
97877,16898685000028
97878,16898685000028
97894,16898703000020
97895,16898703000020
97896,16898703000020
97897,16898703000020
97942,16898799000030
97950,16898814000021
97952,16898814000021
97953,16898814000021
97980,16899489000021
97987,16899495000049
97995,16899501000033
98009,16899522000010
98017,16899540000011
98038,16899564000008
98040,16899564000008
98041,16899564000008
98042,16899564000008
98043,16899564000008
98062,16899627000018
98063,16899627000018
98071,16899633000027
98072,16899633000027
98081,16899642000041
98082,16899642000041
98109,16899675000046
98135,16899696000025
98137,16899696000025
98138,16899696000025
98145,16900323000022
98148,16900323000022
98159,16900329000009
98160,16900329000009
98162,16900329000009
98163,16900329000009
98164,16900329000009
98182,16900368000035
98183,16900368000035
98207,16900410000008
98216,16900419000021
98217,16900419000021
98218,16900419000021
98219,16900419000021
98225,16900428000017
98230,16900431000043
98232,16900431000043
98253,16900470000010
98260,16900488000011
98269,16900515000026
98284,16900533000030
98285,16900533000030
98310,16902096000015
98321,16902117000019
98328,16902138000010
98336,16902159000007
98386,16902240000012
98387,16902240000012
98388,16902240000012
98389,16902240000012
98397,16902246000002
98427,16902282000000
98443,16903002000001
98444,16903002000001
98458,16903056000022
98467,16903062000025
98474,16903080000004
98490,16903110000026
98491,16903110000026
98507,16903134000016
98510,16903134000016
98511,16903134000016
98526,16903152000012
98543,16903812000034
98553,16903824000005
98568,16903845000015
98584,16903866000026
98599,16903878000012
98610,16903887000006
98629,16903899000001
98631,16903899000001
98651,16903908000025
98658,16903935000013
98668,16903941000007
98669,16903941000007
98670,16903941000007
98671,16903941000007
98672,16903941000007
98673,16903941000007
98699,16903962000032
98700,16903962000032
98729,16903992000010
98730,16903992000010
98748,16904004000000
98762,16904634000036
98772,16904646000006
98793,16904712000034
98802,16904727000033
98827,16904772000028
98846,16904808000000
98887,16904844000012
98896,16904853000041
98897,16904853000041
98907,16904857200001
98908,16904857200001
98909,16904857200001
98949,16905528000039
98994,16905618000006
98995,16905618000006
99001,16905627000013
99002,16905627000013
99003,16905627000013
99004,16905627000013
99028,16905660000024
99029,16905660000024
99030,16905660000024
99046,16905669000012
99052,16905673200008
99060,16905676200017
99061,16905676200017
99062,16905676200017
99063,16905676200017
99082,16905696000035
99083,16905696000035
99084,16905696000035
99085,16905696000035
99100,16905705000049
99106,16905708000033
99108,16905708000033
99109,16905708000033
99110,16905708000033
99124,16905717000015
99127,16905717000015
99128,16905717000015
99138,16905720000032
99139,16905720000032
99146,16905723000028
99154,16905726000011
99155,16905726000011
99156,16905726000011
99172,16906335000020
99174,16906335000020
99175,16906335000020
99182,16906353000044
99184,16906353000044
99185,16906353000044
99186,16906353000044
99187,16906353000044
99188,16906353000044
99194,16906356000026
99195,16906356000026
99196,16906356000026
99204,16906359000040
99205,16906359000040
99206,16906359000040
99207,16906359000040
99208,16906359000040
99209,16906359000040
99210,16906359000040
99211,16906359000040
99225,16906380000003
99226,16906380000003
99241,16906392000025
99242,16906392000025
99243,16906392000025
99244,16906392000025
99245,16906392000025
99246,16906392000025
99247,16906392000025
99266,16906407000012
99280,16906425000014
99292,16906431000021
99293,16906431000021
99299,16906434000032
99301,16906434000032
99311,16906443000017
99327,16906455000046
99336,16906458000007
99353,16906470000036
99371,16906479000018
99372,16906479000018
99373,16906479000018
99380,16906485000029
99381,16906485000029
99392,16906491000023
99393,16906491000023
99394,16906491000023
99395,16906491000023
99396,16906491000023
99410,16906545000013
99416,16906554000006
99441,16906590000043
99442,16906590000043
99479,16908123000016
99486,16908144000005
99499,16908186000012
99500,16908186000012
99501,16908186000012
99507,16908207000018
99514,16908223200013
99523,16908229200014
99524,16908229200014
99532,16908241200030
99538,16908252000003
99539,16908252000003
99541,16908252000003
99543,16908252000003
99545,16908252000003
99546,16908252000003
99547,16908252000003
99548,16908252000003
99590,16908301200019
99611,16908936000004
99632,16908978000010
99633,16908978000010
99634,16908978000010
99644,16909005000018
99652,16909026000005
99685,16909059000017
99686,16909059000017
99687,16909059000017
99688,16909059000017
99689,16909059000017
99690,16909059000017
99705,16909077000029
99707,16909077000029
99708,16909077000029
99718,16909116000006
99721,16909116000006
99722,16909116000006
99723,16909116000006
99724,16909116000006
99733,16909158000024
99737,16909158000024
99738,16909158000024
99739,16909158000024
99746,16909176000007
99747,16909176000007
99748,16909176000007
99749,16909176000007
99750,16909176000007
99751,16909176000007
99752,16909176000007
99761,16909806000009
99762,16909806000009
99772,16909911000031
99785,16909932000023
99789,16909951200010
99790,16909951200010
99791,16909951200010
99797,16909957200034
99806,16909962000024
99807,16909962000024
99808,16909962000024
99809,16909962000024
99816,16910008200007
99821,16910029200020
99822,16910029200020
99843,16910053200014
99853,16910670000015
99856,16910670000015
99873,16910724000035
99874,16910724000035
99875,16910724000035
99876,16910724000035
99882,16910742000020
99890,16910763000032
99901,16910775000014
99902,16910775000014
99903,16910775000014
99904,16910775000014
99916,16910781600009
99924,16910784000000
99942,16910808000006
99946,16910812800038
99956,16910817000018
99957,16910817000018
99967,16910823000030
99983,16910853000023
100004,16910901000003
100005,16910901000003
100011,16910910000031
100021,16910919000033
100022,16910919000033
100023,16910919000033
100024,16910919000033
100033,16911540000034
100044,16911576000005
100045,16911576000005
100046,16911576000005
100047,16911576000005
100048,16911576000005
100049,16911576000005
100057,16911603000003
100058,16911603000003
100082,16911660000009
100083,16911660000009
100121,16911705000016
100122,16911705000016
100123,16911705000016
100130,16911717000047
100140,16911741000025
100141,16911741000025
100147,16911744000019
100149,16911744000019
100151,16911744000019
100152,16911744000019
100153,16911744000019
100164,16911756000014
100171,16911759000007
100198,16911777000010
100206,16911780000006
100207,16911780000006
100208,16911780000006
100217,16911786000023
100218,16911786000023
100226,16912398000032
100228,16912398000032
100229,16912398000032
100236,16912419000003
100238,16912419000003
100239,16912419000003
100250,16912449000031
100259,16912455000019
100262,16912461000001
100264,16912461000001
100266,16912461000001
100267,16912461000001
100268,16912461000001
100269,16912461000001
100270,16912461000001
100271,16912461000001
100272,16912461000001
100273,16912461000001
100274,16912461000001
100275,16912461000001
100276,16912461000001
100277,16912461000001
100278,16912461000001
100295,16912476000013
100302,16912491000029
100303,16912491000029
100331,16912506000008
100332,16912506000008
100333,16912506000008
100334,16912506000008
100348,16912515000017
100349,16912515000017
100350,16912515000017
100364,16912527000007
100365,16912527000007
100366,16912527000007
100414,16912620000035
100421,16912629000027
100441,16913331000025
100451,16913340000004
100452,16913340000004
100453,16913340000004
100479,16913376000018
100480,16913376000018
100481,16913376000018
100491,16913385000011
100507,16913439000017
100516,16914162000006
100518,16914162000006
100519,16914162000006
100520,16914162000006
100521,16914162000006
100522,16914162000006
100523,16914162000006
100588,16914267000009
100589,16914267000009
100603,16914330000007
100677,16915206000008
100698,16915242000018
100707,16915884000014
100708,16915884000014
100709,16915884000014
100769,16915956000030
100773,16915956000030
100774,16915956000030
100775,16915956000030
100789,16915977000008
100812,16915992000016
100828,16916064000004
100829,16916064000004
100830,16916064000004
100831,16916064000004
100848,16916082000017
100850,16916082000017
100851,16916082000017
100859,16916088000000
100909,16916790000005
100910,16916790000005
100919,16916796000008
100928,16916802000020
100929,16916802000020
100936,16916808000030
100950,16916829000014
100963,16916847000002
100974,16916850000011
100983,16916886000035
100985,16916886000035
100993,16916904000042
101001,16916913000026
101002,16916913000026
101008,16916917800024
101026,16916931000037
101027,16916931000037
101042,16916940000027
101051,16916949000036
101052,16916949000036
101061,16916958000001
101063,16916958000001
101064,16916958000001
101072,16917600000000
101080,16917606000005
101090,16917636000023
101111,16917666000025
101112,16917666000025
101113,16917666000025
101114,16917666000025
101123,16917672000032
101131,16917684000039
101133,16917684000039
101134,16917684000039
101151,16917702000011
101152,16917702000011
101153,16917702000011
101154,16917702000011
101177,16917774000033
101186,16917795000016
101193,16917810000020
101194,16917810000020
101205,16917816000034
101218,16918437000002
101236,16918467000032
101237,16918467000032
101245,16918474800008
101255,16918479000016
101262,16918491000045
101293,16918516800019
101315,16918524000025
101317,16918524000025
101318,16918524000025
101319,16918524000025
101337,16918542000010
101363,16918561200028
101364,16918561200028
101365,16918561200028
101366,16918561200028
101376,16918566000041
101377,16918566000041
101378,16918566000041
101379,16918566000041
101380,16918566000041
101381,16918566000041
101382,16918566000041
101399,16918572000047
101409,16918581000000
101410,16918581000000
101439,16918600200003
101473,16918659000009
101492,16919328000014
101493,16919328000014
101494,16919328000014
101495,16919328000014
101496,16919328000014
101519,16919400000013
101520,16919400000013
101521,16919400000013
101522,16919400000013
101523,16919400000013
101524,16919400000013
101525,16919400000013
101526,16919400000013
101527,16919400000013
101553,16919418000017
101554,16919418000017
101562,16919422800007
101571,16919427000005
101588,16919445000003
101597,16920195000003
101608,16920207000010
101609,16920207000010
101610,16920207000010
101619,16920258000027
101626,16920267000012
101628,16920267000012
101639,16920270000017
101647,16920276000013
101648,16920276000013
101656,16920288000011
101657,16920288000011
101658,16920288000011
101659,16920288000011
101660,16920288000011
101670,16920378000006
101671,16920378000006
101688,16920396000020
101689,16920396000020
101702,16920420000002
101729,16921104000020
101772,16921140000024
101774,16921140000024
101798,16921161000022
101799,16921161000022
101800,16921161000022
101811,16921167000008
101812,16921167000008
101821,16921188000023
101822,16921188000023
101858,16921242000015
101859,16921242000015
101869,16921260000000
101878,16921269000013
101888,16921278000021
101889,16921278000021
101896,16921296000010
101897,16921296000010
101898,16921296000010
101927,16921986000017
101938,16921992000022
101953,16922010000020
101960,16922016000006
101961,16922016000006
101962,16922016000006
101988,16922031000024
101999,16922040000001
102013,16922058000010
102015,16922058000010
102026,16922094000002
102027,16922094000002
102028,16922094000002
102029,16922094000002
102030,16922094000002
102039,16922106000027
102040,16922106000027
102044,16922112000008
102046,16922112000008
102047,16922112000008
102048,16922112000008
102049,16922112000008
102050,16922112000008
102051,16922112000008
102066,16922124000011
102098,16922802000044
102109,16922826000005
102110,16922826000005
102127,16922844000041
102136,16922862000045
102160,16922883000012
102161,16922883000012
102162,16922883000012
102163,16922883000012
102164,16922883000012
102178,16922893200006
102180,16922893200006
102181,16922893200006
102205,16922916000017
102228,16922952000015
102233,16922955000007
102234,16922955000007
102235,16922955000007
102236,16922955000007
102237,16922955000007
102238,16922955000007
102239,16922955000007
102253,16922970000030
102263,16922973000027
102264,16922973000027
102265,16922973000027
102266,16922973000027
102267,16922973000027
102268,16922973000027
102285,16922988000034
102286,16922988000034
102292,16922991000001
102293,16922991000001
102361,16923729000011
102362,16923729000011
102371,16923735000037
102409,16923801000002
102417,16923813000006
102418,16923813000006
102419,16923813000006
102420,16923813000006
102435,16923834000046
102445,16923843000004
102447,16923843000004
102463,16923864000020
102465,16923864000020
102467,16923864000020
102468,16923864000020
102479,16924503000037
102480,16924503000037
102487,16924515000053
102488,16924515000053
102489,16924515000053
102494,16924518000043
102503,16924524000001
102504,16924524000001
102506,16924524000001
102508,16924524000001
102509,16924524000001
102510,16924524000001
102530,16924536000002
102541,16924539000014
102542,16924539000014
102543,16924539000014
102554,16924545000015
102555,16924545000015
102556,16924545000015
102557,16924545000015
102578,16924566000046
102579,16924566000046
102589,16924581000029
102602,16924587000040
102621,16924602000055
102639,16924606800013
102648,16924609200006
102656,16924614000010
102657,16924614000010
102658,16924614000010
102659,16924614000010
102660,16924614000010
102661,16924614000010
102662,16924614000010
102670,16924617000036
102682,16924623000008
102683,16924623000008
102684,16924623000008
102694,16924632000011
102695,16924632000011
102697,16924632000011
102707,16924650000016
102713,16924668000019
102720,16924686000054
102729,16924704000030
102730,16924704000030
102739,16924722000024
102756,16925436000017
102764,16925442000031
102775,16925445000014
102776,16925445000014
102778,16925445000014
102793,16925472000025
102794,16925472000025
102802,16925475000010
102803,16925475000010
102805,16925475000010
102814,16925478000022
102832,16925493000005
102833,16925493000005
102834,16925493000005
102835,16925493000005
102836,16925493000005
102845,16925496000016
102863,16925517000003
102864,16925517000003
